SpT Teff log(g) RGB Hex
M9.5V 2300 5.0 1.0,0.491,0.144 #ff7d24 
M9V 2400 5.0 1.0,0.518,0.179 #ff842d 
M8V 2500 5.0 1.0,0.542,0.202 #ff8a33 
M7.5V 2600 5.0 1.0,0.607,0.255 #ff9a41 
M6.5V 2700 5.0 1.0,0.648,0.286 #ffa548 
M6V 2800 5.0 1.0,0.649,0.285 #ffa548 
M6V 2900 5.0 1.0,0.644,0.285 #ffa448 
M5.5V 3000 5.0 1.0,0.641,0.289 #ffa349 
M4.5V 3100 5.0 1.0,0.638,0.293 #ffa24a 
M4V 3200 5.0 1.0,0.638,0.3 #ffa24c 
M3.5V 3300 5.0 1.0,0.638,0.308 #ffa24e 
M3V 3400 5.0 1.0,0.638,0.315 #ffa250 
M2.5V 3500 5.0 1.0,0.637,0.322 #ffa251 
M2V 3600 5.0 1.0,0.635,0.327 #ffa153 
M1V 3700 4.5 1.0,0.637,0.34 #ffa256 
M0.5V 3800 4.5 1.0,0.635,0.346 #ffa158 
M0V 3900 4.5 1.0,0.636,0.354 #ffa25a 
K8V 4000 4.5 1.0,0.641,0.369 #ffa35e 
K7V 4100 4.5 1.0,0.65,0.389 #ffa563 
K6.5V 4200 4.5 1.0,0.662,0.411 #ffa868 
K5.5V 4300 4.5 1.0,0.677,0.439 #ffac6f 
K5V 4400 4.5 1.0,0.696,0.47 #ffb177 
K4.5V 4500 4.5 1.0,0.717,0.501 #ffb67f 
K4V 4600 4.5 1.0,0.739,0.533 #ffbc87 
K3.5V 4700 4.5 1.0,0.761,0.565 #ffc18f 
K3V 4800 4.5 1.0,0.781,0.595 #ffc797 
K3V 4900 4.5 1.0,0.802,0.626 #ffcc9f 
K2.5V 5000 4.5 1.0,0.821,0.657 #ffd1a7 
K1.5V 5100 4.5 1.0,0.84,0.691 #ffd6b0 
K1V 5200 4.5 1.0,0.857,0.722 #ffdab8 
K0V 5300 4.5 1.0,0.872,0.753 #ffdec0
G9V 5400 4.5 1.0,0.886,0.783 #ffe1c7
G8V 5500 4.5 1.0,0.898,0.813 #ffe5cf
G6V 5600 4.5 1.0,0.91,0.845 #ffe8d7
G4V 5700 4.5 1.0,0.922,0.878 #ffebdf
G2V 5800 4.5 1.0,0.931,0.905 #ffede6
G1V 5900 4.5 1.0,0.94,0.931 #ffefed
F9.5V 6000 4.5 1.0,0.951,0.967 #fff2f6
F9V 6100 4.5 1.0,0.96,0.998 #fff4fe
F8V 6200 4.0 0.955,0.931,1.0 #f3edff
F6V 6300 4.0 0.922,0.908,1.0 #ebe7ff
F6V 6400 4.0 0.896,0.891,1.0 #e4e3ff
F5V 6500 4.0 0.869,0.871,1.0 #dddeff
F4V 6600 4.0 0.844,0.855,1.0 #d7d9ff
F3V 6700 4.0 0.823,0.84,1.0 #d1d6ff
F2V 6800 4.0 0.802,0.826,1.0 #ccd2ff
F2V 6900 4.0 0.782,0.812,1.0 #c7cfff
F1V 7000 4.0 0.763,0.799,1.0 #c2cbff
F0V 7200 4.0 0.725,0.773,1.0 #b8c5ff
A9V 7400 4.0 0.692,0.75,1.0 #b0bfff
A8V 7600 4.0 0.674,0.738,1.0 #abbcff
A7V 7800 4.0 0.636,0.712,1.0 #a2b5ff
A6V 8000 4.0 0.606,0.69,1.0 #9ab0ff
A4V 8200 4.0 0.579,0.67,1.0 #93aaff
A4V 8400 4.0 0.556,0.652,1.0 #8da6ff
A3V 8600 4.0 0.546,0.645,1.0 #8ba4ff
A2V 8800 4.0 0.531,0.634,1.0 #87a1ff
A2V 9000 4.0 0.519,0.624,1.0 #849fff
A1V 9200 4.0 0.508,0.616,1.0 #819dff
A1V 9400 4.0 0.498,0.608,1.0 #7f9bff
A0V 9600 4.0 0.49,0.601,1.0 #7d99ff
A0V 9800 4.0 0.483,0.595,1.0 #7b97ff
A0V 10000 4.0 0.477,0.59,1.0 #7996ff
B9.5V 10200 4.0 0.472,0.586,1.0 #7895ff
B9.5V 10400 4.0 0.467,0.582,1.0 #7794ff
B9V 10600 4.0 0.463,0.578,1.0 #7693ff
B9V 10800 4.0 0.459,0.575,1.0 #7592ff
B9V 11000 4.0 0.456,0.572,1.0 #7491ff
B9V 11200 4.0 0.453,0.57,1.0 #7391ff
B9V 11400 4.0 0.451,0.567,1.0 #7290ff
B9V 11600 4.0 0.45,0.566,1.0 #7290ff
B8V 11800 4.0 0.448,0.564,1.0 #728fff
B8V 12000 4.0 0.446,0.562,1.0 #718fff
B8V 12500 4.0 0.44,0.557,1.0 #708eff
B8V 13000 4.0 0.436,0.554,1.0 #6f8dff
B7V 13500 4.0 0.432,0.55,1.0 #6e8cff
B7V 14000 4.0 0.429,0.547,1.0 #6d8bff
B6V 14500 4.0 0.425,0.544,1.0 #6c8aff
B6V 15000 4.0 0.421,0.541,1.0 #6b89ff
B5V 16000 4.0 0.414,0.536,1.0 #6988ff
B3V 17000 4.0 0.408,0.532,1.0 #6887ff 
B2.5V 18000 4.0 0.403,0.527,1.0 #6686ff 
B2.5V 19000 4.0 0.398,0.524,1.0 #6585ff 
B2V 20000 4.0 0.394,0.52,1.0 #6484ff 
B2V 21000 4.0 0.39,0.517,1.0 #6383ff 
B2V 22000 4.0 0.387,0.514,1.0 #6283ff 
B1.5V 23000 4.0 0.384,0.512,1.0 #6182ff 
B1.5V 24000 4.0 0.381,0.509,1.0 #6181ff 
B1.5V 25000 4.0 0.379,0.507,1.0 #6081ff 
B1V 26000 4.0 0.376,0.505,1.0 #5f80ff 
B1V 27000 4.0 0.373,0.503,1.0 #5f80ff 
B1V 27500 4.0 0.371,0.501,1.0 #5e7fff 
B0.5V 28000 4.0 0.371,0.5,1.0 #5e7fff 
B0.5V 29000 4.0 0.368,0.498,1.0 #5d7fff 
B0.5V 30000 4.0 0.366,0.496,1.0 #5d7eff 
O9.5V 32500 4.0 0.361,0.491,1.0 #5c7dff 
O8V 35000 4.0 0.357,0.487,1.0 #5b7cff 
O6V 37500 4.0 0.359,0.487,1.0 #5b7cff 
O5V 40000 4.0 0.358,0.486,1.0 #5b7bff 
O4V 42500 4.0 0.357,0.485,1.0 #5a7bff 
O4V 45000 4.0 0.357,0.485,1.0 #5a7bff 
O3V 47500 4.0 0.357,0.485,1.0 #5b7bff 
O2V 50000 4.0 0.358,0.486,1.0 #5b7bff 
O2V 52500 4.0 0.359,0.487,1.0 #5b7cff 
O1V 55000 4.0 0.361,0.489,1.0 #5c7cff 